344,4
344,3
344,2
0,442
344,1
344,0
343,3
343,2
343,1
343,0
0,441
342,4
342,3
342,2
342,1
342,0
341,4
341,3
341,2
341,1
341,0
340,3
340,2
340,1
340,0
339,4
339,3
339,2
339,1
339,0
338,4
338,3
338,2
338,1
338,0
337,4
337,3
337,2
337,1
337,0
336,4
0,440
0,439
0,438
0,437
0,436
0,435
0,434
336,3
336,2
0,433
336,1
336,0
0,432
0,431
335,3
335,2
335,1
335,0
334,3
334,2
334,1
334,0
0,430
333,3
333,2
0,429
333,1
333,0
211,4
211,1
211,3
0,428
0,427
0,426
0,411
332,3
332,2
332,1
332,0
331,3
331,2
331,1
331,0
330,3
330,2
330,1
330,0
0,278
329,3
329,2
329,1
329,0
328,3
328,2
0,385
328,1
328,0
203,1
203,3
198,4
327,52
327,51
327,50
327,49
327,48
327,47
327,46
327,45
327,44
327,43
327,42
327,41
327,40
327,39
327,38
327,37
327,36
200,1
200,3
198,1
198,3
327,35
307,7
307,6
307,5
307,4
307,3
307,2
307,1
307,0
306,5
306,4
306,3
306,2
306,1
306,0
247,6
247,5
247,4
247,3
10,197
247,2
247,1
